 65.10
 65.44
 169.42
 67.84
 79.58
 83.52
 83.44
 83.46
 104.70
 87.58
 69.76
 67.20
 121.48
 72.72
 70.94
 82.96
 115.42
 72.36
 82.26
 69.34
 68.90
 87.86
 89.64
 90.56
 104.16
 83.68
 86.60
 71.28
 130.42
 82.54
 71.28
 69.70
 74.18
 103.22
 85.90
 116.40
 104.14
 106.28
 89.20
 110.62
 106.72
 90.74
 75.48
 106.52
 74.52
 93.64
 74.00
 91.04
 133.64
 103.48
 116.84
 113.74
 114.92
 120.14
 100.50
 88.82
 134.88
 105.78
 103.04
 70.74
 90.04
 86.50
 137.80
 115.16
 88.48
 71.62
 89.18
 104.30
 135.36
 73.44
 89.84
 94.38
 88.78
 76.70
 93.96
 90.54
 116.52
 105.02
 105.20
 104.74
 109.44
 119.64
 121.38
 77.24
 74.78
 85.24
 72.58
 107.10
 117.30
 101.48
 73.30
 117.00
 72.60
 77.26
 80.96
 76.60
 105.60
 105.92
 107.32
 97.80
 91.02 
